0.0 0.0 0.0
7 0 0.0000000000000000 0.0000000000000000 0.0000000000000000
5 0 -0.0323760000000000 1.4260250000000001 0.0000000000000000
5 0 1.2160960000000001 -0.7454850000000000 0.0000000000000000
7 0 2.4348969999999999 -0.0044300000000000 0.0000000000000000
5 0 2.4724620000000002 1.4214690000000001 0.0000000000000000
7 0 1.2212850000000000 2.1064090000000002 0.0000000000000000
1 0 3.3059750000000001 -0.5094670000000000 0.0000000000000000
1 0 3.5099070000000001 2.0179209999999999 0.0000000000000000
1 0 1.2231200000000000 3.1133060000000001 0.0000000000000000
1 0 -0.8729110000000000 -0.5018620000000000 0.0000000000000000
1 0 1.2139169999999999 -1.9421679999999999 0.0000000000000000
1 0 -1.0676420000000000 2.0262509999999998 0.0000000000000000
7 1 0.0000000000000000 1.4117408000000000 3.3300000000000001
5 1 -0.0323760000000000 -0.0142842000000000 3.3300000000000001
5 1 1.2160960000000001 2.1572258000000000 3.3300000000000001
7 1 2.4348969999999999 1.4161708000000000 3.3300000000000001
5 1 2.4724620000000002 -0.0097282000000000 3.3300000000000001
7 1 1.2212850000000000 -0.6946682000000000 3.3300000000000001
1 1 3.3059750000000001 1.9212077999999999 3.3300000000000001
1 1 3.5099070000000001 -0.6061801999999999 3.3300000000000001
1 1 1.2231200000000000 -1.7015652000000001 3.3300000000000001
1 1 -0.8729110000000000 1.9136028000000000 3.3300000000000001
1 1 1.2139169999999999 3.3539088000000001 3.3300000000000001
1 1 -1.0676420000000000 -0.6145102000000000 3.3300000000000001
